3
9
752166287870001173
892087900966109244
892058258511101972
892058261170290688
884161453907664896
884161454897500211
884161455556034621
884161456243879989
884161474279374919
884161475424436254
47
884147299457069077
990541626927620118
990541629251276820
990541630937391104
990541633118429186
990541634817097728
990541426062397452
990541428050501662
990541430772600843
990541432840392804
990541434321010689
990541312807829554
990541314716237825
990541316888887337
990541319040552981
990541320164638721
990540929255497778
990540931105173564
990540932430561351
990540934364147742
990540936343846982
990540516271738960
990540517974626305
990540521162309683
990540523301371904
990540525016870932
990540362974134292
990540365243244574
990540368233779271
990540369777279026
990540371106881566
990540178319888404
990540180085674024
990540181738225674
990540183411769364
990540185655713832
990539595391328296
990539596939018290
990539598587392031
990539600663572480
990539602211274803
990537895532187678
990537897096671282
990537898619207680
990537900896686120
990537902826078249
892055454044278867
892050346514448475
7
818534320972234773
990543062629498910
990543065154465822
990543067125780490
990543069378121788
990543071353659452
989286220972556399
989286223128445008
